82400
78600
73000
72900
58000
56000
45000
44300
43200
41195
40500
39100
36400
36000
32700
31600
31600
31000
31000
31000
30000
29900
29300
28600
27100
25300
25000
23400
23000
23000
22100
21700
21500
21100
21000
21000
20700
20500
20400
20200
20200
20200
20000
20000
19900
19400
19200
19200
18600
18200
18100
17900
17900
17700
17300
17300
17200
17000
17000
17000
16900
16900
16700
16500
16500
16400
16100
15400
15100
15000
15000
14800
14300
14000
14000
14000
14000
14000
14000
13700
13600
13200
13100
13000
12200
12200
12200
12200
12100
12000
12000
12000
11800
11800
11600
11500
11500
11400
11400
11400
11300
11200
11200
11100
11000
11000
11000
10900
10900
10900
10800
10600
10500
10500
10500
10400
10300
10300
10300
10200
10200
10000
10000
10000
9600
9500
9400
9300
9200
9100
9100
9100
9000
9000
8600
8500
8400
8200
8000
8000
8000
8000
8000
7900
7900
7900
7900
7900
7900
7800
7800
7800
7700
7700
7700
7700
7700
7600
7600
7600
7600
7600
7600
7600
7500
7500
7500
7300
7300
7300
7300
7300
7200
7200
7200
7200
7100
7000
7000
7000
7000
7000
6900
6900
6800
6800
6700
6700
6700
6700
6700
6700
6600
6600
6600
6500
6500
6500
6500
6500
6400
6300
6300
6300
6200
6200
6200
6200
6100
6100
6100
6000
6000
6000
6000
6000
6000
6000
6000
6000
5800
5800
5800
5700
5700
5700
5700
5700
5600
5600
5600
5600
5600
5600
5600
5600
5600
5600
5600
5500
5500
5500
5500
5500
5400
5400
5400
5400
5400
5300
5300
5300
5300
5300
5300
5300
5200
5200
5200
5200
5200
5200
5200
5100
5100
5100
5000
5000
5000
5000
5000
5000
5000
5000
5000
5000
5000
5000
5000
5000
4900
4900
4900
4900
4885
4800
4800
4800
4800
4800
4700
4700
4700
4600
4600
4600
4600
4600
4600
4600
4600
4600
4500
4500
4500
4500
4500
4500
4500
4500
4400
4400
4400
4400
4400
4400
4400
4400
4300
4300
4300
4300
4300
4300
4300
4200
4200
4200
4200
4200
4200
4200
4200
4200
4200
4100
4100
4100
4100
4100
4100
4100
4100
4100
4100
4100
4000
4000
4000
4000
4000
4000
4000
4000
4000
4000
4000
4000
4000
4000
4000
3900
3900
3900
3900
3900
3900
3900
3900
3900
3900
3900
3900
3900
3900
3900
3900
3900
3800
3800
3800
3800
3800
3800
3800
3800
3800
3800
3800
3800
3800
3700
3700
3700
3700
3700
3700
3700
3700
3700
3700
3700
3700
3600
3600
3600
3600
3600
3600
3600
3600
3600
3600
3600
3600
3600
3600
3600
3600
3500
3500
3500
3500
3500
3500
3500
3500
3500
3500
3500
3500
3500
3500
3400
3400
3400
3400
3400
3400
3400
3400
3400
3400
3400
3400
3400
3300
3300
3300
3300
3300
3300
3300
3300
3300
3300
3300
3300
3300
3300
3300
3300
3300
3300
3200
3200
3200
3200
3200
3200
3200
3200
3200
3200
3200
3200
3200
3200
3200
3100
3100
3100
3100
3100
3100
3100
3100
3100
3100
3100
3100
3100
3100
3100
3100
3100
3100
3000
3000
3000
3000
3000
3000
3000
3000
3000
3000
3000
3000
3000
3000
3000
3000
3000
3000
3000
3000
3000
3000
3000
3000
3000
3000
3000
3000
2900
2900
2900
2900
2900
2900
2900
2900
2900
2900
2900
2900
2900
2900
2900
2900
2900
2900
2900
2900
2900
2900
2900
2900
2900
2900
2800
2800
2800
2800
2800
2800
2800
2800
2800
2800
2800
2800
2800
2800
2800
2800
2800
2800
2800
2800
2800
2800
2800
2800
2800
2800
2800
2800
2800
2800
2700
2700
2700
2700
2700
2700
2700
2700
2700
2700
2700
2700
2700
2700
2700
2700
2700
2700
2700
2700
2700
2700
2700
2700
2700
2700
2700
2700
2700
2700
2600
2600
2600
2600
2600
2600
2600
2600
2600
2600
2600
2600
2600
2600
2600
2600
2600
2600
2600
2600
2600
2600
2600
2600
2600
2600
2600
2600
2600
2600
2600
2600
2600
2600
2600
2600
2600
2600
2600
2500
2500
2500
2500
2500
2500
2500
2500
2500
2500
2500
2500
2500
2500
2500
2500
2500
2500
2500
2500
2500
2500
2500
2500
2500
2500
2500
2500
2500
2500
2500
2500
2500
2500
2500
2500
2500
2500
2500
2500
2500
2500
2400
2400
2400
2400
2400
2400
2400
2400
2400
2400
2400
2400
2400
2400
2400
2400
2400
2400
2400
2400
2400
2400
2400
2400
2400
2400
2400
2400
2400
2400
2400
2400
2400
2400
2400
2400
2400
2400
2400
2400
2400
2400
2400
2300
2300
2300
2300
2300
2300
2300
2300
2300
2300
2300
2300
2300
2300
2300
2300
2300
2300
2300
2300
2300
2300
2300
3600
2300
2300
2300
2300
2300
2300
2300
2300
2300
2300
2300
2300
2300
2300
2300
2300
2300
2300
2300
2300
2300
2300
2300
2300
2300
2300
2230
2200
2200
2200
2200
2200
2200
2200
2200
2200
2200
2200
2200
2200
2200
2200
2200
2200
2200
2200
2200
2200
2200
2200
2200
2200
2200
2200
2200
2200
2200
2200
2200
2200
2200
2200
2200
2200
2200
2100
2100
2100
2100
2100
2100
2100
2100
2100
2100
2100
2100
2100
2100
2100
2100
2100
2100
2100
2100
2100
2100
2100
2100
2100
2100
2100
2100
2100
2100
2100
2100
2100
2100
2100
2100
2100
2100
2100
2100
2100
2100
2100
2100
2100
2100
2100
2100
2100
2100
2000
2000
2000
2000
2000
2000
2000
2000
2000
2000
2000
2000
2000
2000
2000
2000
2000
2000
2000
2000
2000
2000
2000
2000
2000
2000
2000
2000
2000
2000
2000
2000
2000
2000
2000
2000
2000
2000
2000
2000
2000
2000
2000
2000
2000
2000
2000
2000
2000
2000
2000
2000
2000
2000
2000
2000
2000
2000
2000
2000
2000
2000
2000
2000
2000
2000
2000
2000
2000
2000
2000
2000
2000
2000
2000
2000
2000
1900
1900
1900
1900
1900
1900
1900
1900
1900
1900
1900
1900
1900
1900
1900
1900
1900
1900
1900
1900
1900
1900
1900
1900
1900
1900
1900
1900
1900
1900
1900
1900
1900
1900
1900
1900
1900
1900
1900
1900
1900
1900
1900
1900
1900
1900
1900
1900
1900
1900
1900
1900
1900
1800
1800
1800
1800
1800
1800
1800
1800
1800
1800
1800
1800
1800
1800
1800
1800
1800
1800
1800
1800
1800
1800
1800
1800
1800
1800
1800
1800
1800
1800
1800
1800
1800
1800
1800
1800
1800
1800
1800
1800
1800
1800
1800
1800
1800
1800
1800
1800
1800
1800
1800
1800
1800
1800
1800
1800
1800
1800
1800
1800
1800
1800
1800
1800
1800
1800
1800
1800
1800
1800
1800
1800
1800
1700
1700
1700
1700
1700
1700
1700
1700
1700
1700
1700
1700
1700
1700
1700
1700
1700
1700
1700
1700
1700
1700
1700
1700
1700
1700
1700
1700
1700
1700
1700
1700
1700
1700
1700
1700
1700
1700
1700
1700
1700
1700
1700
1700
1700
1700
1700
1700
1700
1700
1700
1700
1700
1700
1700
1700
1700
1700
1700
1700
1700
1700
1700
1700
1700
1700
1700
1700
1700
1700
1700
1700
1700
1700
1700
1700
1700
1700
1700
1700
1700
1700
1600
1600
1600
1600
1600
1600
1600
1600
1600
1600
1600
1600
1600
1600
1600
1600
1600
1600
1600
1600
1600
1600
1600
1600
1600
1600
1600
1600
1600
1600
1600
1600
1600
1600
1600
1600
1600
1600
1600
1600
1600
1600
1600
1600
1600
1600
1600
1600
1600
1600
1600
1600
1600
1600
1600
1600
1600
1600
1600
1600
1600
1600
1500
1500
1500
1500
1500
1500
1500
1500
1500
1500
1500
1500
1500
1500
1500
1500
1500
1500
1500
1500
1500
1500
1500
1500
1500
1500
1500
1500
1500
1500
1500
1500
1500
1500
1500
1500
1500
1500
1500
1500
1500
1500
1500
1500
1500
1500
1500
1500
1500
1500
1500
1500
1500
1500
1500
1500
1500
1500
1500
1500
1500
1500
1500
1500
1500
1500
1500
1500
1500
1500
1500
1500
1500
1500
1500
1500
1400
1400
1400
1400
1400
1400
1400
1400
1400
1400
1400
1400
1400
1400
1400
1400
1400
1400
1400
1400
1400
1400
1400
1400
1400
1400
1400
1400
1400
1400
1400
1400
1400
1400
1400
1400
1400
1400
1400
1400
1400
1400
1400
1400
1400
1400
1400
1400
1400
1400
1400
1400
1400
1400
1400
1400
1400
1400
1400
1400
1400
1400
1400
1400
1400
1400
1400
1300
1300
1300
1300
1300
1300
1300
1300
1300
1300
1300
1300
1300
1300
1300
1300
1300
1300
1300
1300
1300
1300
1300
1300
1300
1300
1300
1300
1300
1300
1300
1300
1300
1300
1300
1300
1300
1300
1300
1300
1300
1300
1300
1300
1300
1300
1300
1300
1300
1300
1300
1300
1300
1300
1300
1300
1300
1300
1300
1300
1300
1300
1300
1300
1300
1300
1300
1300
1300
1300
1300
1300
1300
1300
1300
1200
1200
1200
1200
1200
1200
1200
1200
1200
1200
1200
1200
1200
1200
1200
1200
1200
1200
1200
1200
1200
1200
1200
1200
1200
1200
1200
1200
1200
1200
1200
1200
1200
1200
1200
1200
1200
1200
1200
1200
1200
1200
1200
1200
1200
1200
1200
1200
1200
1200
1200
1200
1200
1200
1200
1200
1200
1200
1200
1200
1200
1200
1200
1200
1200
1200
1200
1200
1200
1200
1200
1200
1200
1200
1200
1200
1200
1200
1200
1200
1200
1200
1200
1100
1100
1100
1100
1100
1100
1100
1100
1100
1100
1100
1100
1100
1100
1100
1100
1100
1100
1100
1100
1100
1100
1100
1100
1100
1100
1100
1100
1100
1100
1100
1100
1100
1100
1100
1100
1100
1100
1100
1100
1100
1100
1100
1100
1100
1100
1100
1100
1100
1100
1100
1100
1100
1100
1100
1100
1100
1100
1100
1100
1100
1100
1100
1100
1100
1100
1100
1100
1100
1100
1100
1100
1100
1100
1100
1100
1100
1000
1000
1000
1000
1000
1000
1000
1000
1000
1000
1000
1000
1000
1000
1000
1000
1000
1000
1000
1000
1000
1000
1000
1000
1000
1000
1000
1000
1000
1000
1000
1000
1000
1000
1000
1000
1000
1000
1000
1000
1000
1000
1000
1000
1000
1000
1000
1000
1000
1000
1000
1000
1000
1000
1000
1000
1000
1000
1000
1000
1000
1000
1000
1000
1000
1000
1000
1000
1000
1000
1000
1000
1000
1000
1000
1000
1000
1000
1000
1000
1000
1000
1000
1000
1000
1000
1000
1000
1000
1000
1000
1000
1000
1000
900
900
900
900
900
900
900
900
900
900
900
900
900
900
900
900
900
900
900
900
900
900
900
900
900
900
900
900
900
900
900
900
900
900
900
900
900
900
900
900
900
900
900
900
900
900
900
900
900
900
900
900
900
900
900
900
900
900
900
900
900
900
900
900
900
900
900
900
900
900
900
900
900
900
900
900
900
900
900
800
800
800
800
800
800
800
800
800
800
800
800
800
800
800
800
800
800
800
800
800
800
800
800
800
800
800
800
800
800
800
800
800
800
800
800
800
800
800
800
800
800
800
800
800
800
800
800
800
800
800
800
800
800
800
800
800
800
800
800
800
800
800
800
800
800
800
800
800
800
800
700
700
700
700
700
700
700
700
700
700
700
700
700
700
700
700
700
700
700
700
700
700
700
700
700
700
700
700
700
700
700
700
700
700
700
700
700
700
700
700
700
700
700
700
700
700
700
700
700
700
700
700
700
700
700
700
700
700
700
700
600
600
600
600
600
600
600
600
600
600
600
600
600
600
600
600
600
600
600
600
600
600
600
600
600
600
600
600
600
600
600
600
600
600
600
600
600
600
600
600
600
600
600
600
600
600
600
600
600
600
600
600
600
600
600
600
600
600
600
600
600
600
600
600
600
500
500
500
500
500
500
500
500
500
500
500
500
500
500
500
500
500
500
500
500
500
500
500
500
500
500
500
500
500
500
500
500
500
500
500
500
500
500
500
500
500
500
500
500
500
500
500
500
400
400
400
400
400
400
400
400
400
400
400
400
400
400
400
400
400
400
400
400
400
400
400
400
400
400
400
400
400
400
400
400
400
400
400
400
400
400
400
400
400
400
400
400
400
400
400
400
400
400
330
300
300
300
300
300
300
300
300
300
300
300
300
300
300
300
300
300
300
300
300
300
300
300
300
300
300
300
300
300
300
300
300
300
300
300
300
300
300
300
300
300
300
300
300
300
300
300
300
300
300
300
300
300
300
300
240
200
200
200
200
200
200
200
200
200
200
200
200
200
200
200
200
200
200
200
200
200
200
200
200
200
200
200
200
200
200
200
200
200
200
200
200
200
200
200
200
200
200
200
200
200
200
200
200
200
200
200
200
200
200
200
200
200
200
200
200
200
200
200
200
200
100
100
100
100
100
100
100
100
100
100
100
100
100
100
100
100
100
100
100
100
100
100
100
100
100
100
100
100
100
100
100
100
100
100
100
100
100
100
100
100
100
100
100
100
100
100
100
100
100
100
100
100
100
100
100
100
100
100
100
100
100
100
100
90
